item number 29 : [0,255,255,6,4,6,9,10,9,10,3,10,0,0,0,5,7,5,3,6,2,8,1,0,0,0,0,0,0,0,0,10,0,0,0,0,0,0,0,25,9,2,0,0,0,0,0,0,0,0,5,0,0,0,0,0,0,0,29,9,2,0,0,0,0,0,0,0,0,5,0,0,0,0,0,0,0]
item number 30 : [0,255,255,5,2,8,7,8,5,11,10,0,9,4,10,11,8,3,10,0,0,0,0,0,0,0,0,0,0,0,0,10,0,0,0,0,0,0,0,12,5,2,0,0,0,0,0,0,0,0,10,0,0,0,0,0,0,0]
item number 31 : [0,10,0,0,7,8,10,11,3,1,8,1,7,2,4,9,1,7,5,7,6,2,8,0,0,0,0,0,0,0,0,100,0,0,0,0,0,0,0,255,1,2,0,0,0,0,0,0,0,0,100,0,0,0,0,0,0,0]
item number 32 : [0,9,0,9,8,6,4,2,12,4,10,2,7,6,5,5,1,2,9,2,8,9,3,0,0,0,0,0,0,0,0,10,0,0,0,0,0,0,0,19,6,2,0,0,0,0,0,0,0,0,5,0,0,0,0,0,0,0]
item number 33 : [0,8,0,10,5,11,4,2,8,10,3,3,4,7,0,9,7,3,12,5,2,8,9,0,0,0,0,0,0,0,0,0,0,0,0,0,0,0,0]
item number 34 : [0,7,0,6,9,5,6,5,8,11,4,2,10,6,11,4,11,6,8,10,4,6,3,0,0,0,0,0,0,0,0,0,0,0,0,0,0,0,0]
item number 35 : [0,6,0,10,4,2,3,4,10,2,12,3,7,2,0,3,10,4,11,6,4,7,5,0,0,0,0,0,0,0,0,184,1,0,0,0,0,0,0,1,3,2,0,0,0,0,0,0,0,0,15,0,0,0,0,0,0,0,3,2,2,0,0,0,0,0,0,0,0,15,0,0,0,0,0,0,0,7,2,2,0,0,0,0,0,0,0,0,15,0,0,0,0,0,0,0,11,2,2,0,0,0,0,0,0,0,0,15,0,0,0,0,0,0,0,15,2,2,0,0,0,0,0,0,0,0,15,0,0,0,0,0,0,0,23,2,2,0,0,0,0,0,0,0,0,15,0,0,0,0,0,0,0,31,2,2,0,0,0,0,0,0,0,0,15,0,0,0,0,0,0,0,36,10,2,0,0,0,0,0,0,0,0,5,0,0,0,0,0,0,0]
item number 36 : [0,5,0,9,4,10,5,5,8,11,4,11,3,8,9,9,7,3,7,7,6,2,8,0,0,0,0,0,0,0,0,0,0,0,0,0,0,0,0]
item number 37 : [0,4,0,6,5,9,8,12,6,8,5,2,1,7,11,7,3,7,3,0,0,0,3,0,0,0,0,0,0,0,0,0,0,0,0,0,0,0,0]
item number 38 : [0,3,0,4,10,2,2,11,7,9,7,7,0,0,0,2,10,8,0,3,7,6,2,0,0,0,0,0,0,0,0,0,0,0,0,0,0,0,0]
item number 39 : [0,2,0,2,2,4,7,0,0,0,0,11,9,6,8,2,4,6,5,8,4,6,2,0,0,0,0,0,0,0,0,0,0,0,0,0,0,0,0]
item number 40 : [0,1,0,9,8,6,4,7,4,6,5,2,10,6,11,3,7,3,10,8,9,3,5,0,0,0,0,0,0,0,0,50,0,0,0,0,0,0,0,3,6,2,0,0,0,0,0,0,0,0,5,0,0,0,0,0,0,0,23,6,2,0,0,0,0,0,0,0,0,5,0,0,0,0,0,0,0]
item number 41 : [0,0,0,11,11,0,0,11,0,0,0,9,2,11,9,9,7,3,12,11,5,8,9,0,0,0,0,0,0,0,0,66,9,0,0,0,0,0,0,1,9,4,0,0,0,0,0,0,0,0,80,0,0,0,0,0,0,0,3,11,2,0,0,0,0,0,0,0,0,5,0,0,0,0,0,0,0,5,0,2,0,0,0,0,0,0,0,0,20,0,0,0,0,0,0,0,7,9,4,0,0,0,0,0,0,0,0,80,0,0,0,0,0,0,0,9,11,2,0,0,0,0,0,0,0,0,5,0,0,0,0,0,0,0,11,0,2,0,0,0,0,0,0,0,0,20,0,0,0,0,0,0,0,13,9,2,0,0,0,0,0,0,0,0,5,0,0,0,0,0,0,0,15,0,2,0,0,0,0,0,0,0,0,20,0,0,0,0,0,0,0,17,11,2,0,0,0,0,0,0,0,0,5,0,0,0,0,0,0,0,19,11,2,0,0,0,0,0,0,0,0,5,0,0,0,0,0,0,0,20,11,2,0,0,0,0,0,0,0,0,5,0,0,0,0,0,0,0,21,2,2,0,0,0,0,0,0,0,0,15,0,0,0,0,0,0,0,23,11,2,0,0,0,0,0,0,0,0,5,0,0,0,0,0,0,0,25,9,2,0,0,0,0,0,0,0,0,5,0,0,0,0,0,0,0,26,11,2,0,0,0,0,0,0,0,0,5,0,0,0,0,0,0,0,27,2,2,0,0,0,0,0,0,0,0,15,0,0,0,0,0,0,0,29,11,2,0,0,0,0,0,0,0,0,5,0,0,0,0,0,0,0,31,9,2,0,0,0,0,0,0,0,0,5,0,0,0,0,0,0,0,34,11,2,0,0,0,0,0,0,0,0,5,0,0,0,0,0,0,0,35,2,2,0,0,0,0,0,0,0,0,15,0,0,0,0,0,0,0,39,9,3,0,0,0,0,0,0,0,0,10,0,0,0,0,0,0,0,41,9,2,0,0,0,0,0,0,0,0,5,0,0,0,0,0,0,0,42,11,2,0,0,0,0,0,0,0,0,5,0,0,0,0,0,0,0,43,2,2,0,0,0,0,0,0,0,0,15,0,0,0,0,0,0,0,45,9,3,0,0,0,0,0,0,0,0,10,0,0,0,0,0,0,0,46,11,2,0,0,0,0,0,0,0,0,5,0,0,0,0,0,0,0,47,2,2,0,0,0,0,0,0,0,0,15,0,0,0,0,0,0,0,49,11,2,0,0,0,0,0,0,0,0,5,0,0,0,0,0,0,0]
item number 42 : [0,0,0,7,6,7,9,4,10,2,11,11,9,6,8,2,9,3,6,10,6,5,4,0,0,0,0,0,0,0,0,0,0,0,0,0,0,0,0]
item number 43 : [0,255,255,9,4,1,9,10,11,5,3,6,10,2,6,11,6,3,8,2,6,3,9,0,0,0,0,0,0,0,0,0,0,0,0,0,0,0,0]
item number 44 : [0,255,255,6,9,5,2,10,6,0,0,10,2,6,4,9,1,7,5,8,11,6,3,0,0,0,0,0,0,0,0,35,0,0,0,0,0,0,0,20,6,2,0,0,0,0,0,0,0,0,5,0,0,0,0,0,0,0,21,2,2,0,0,0,0,0,0,0,0,15,0,0,0,0,0,0,0,43,2,2,0,0,0,0,0,0,0,0,15,0,0,0,0,0,0,0]
