item number : [0,255,255,8,4,8,4,6,5,1,2,9,7,9,9,4,5,3,0,0,0,0,0,0,0,0,0,0,0,0,0,0,0,0]
item number : [0,255,255,4,6,4,9,4,9,7,9,5,9,8,6,8,1,7,0,0,0,0,0,0,0,0,0,0,0,0,0,0,0,0]
item number : [0,255,255,9,2,6,5,6,9,6,9,9,9,9,8,8,7,5,0,0,0,0,0,0,0,0,30,0,0,0,0,0,0,0,4,6,2,0,0,0,0,0,0,0,0,10,0,0,0,0,0,0,0,21,6,2,0,0,0,0,0,0,0,0,10,0,0,0,0,0,0,0,24,6,2,0,0,0,0,0,0,0,0,10,0,0,0,0,0,0,0]
item number : [0,5,0,9,2,6,9,4,3,1,3,3,9,1,9,9,1,3,0,0,0,0,0,0,0,0,0,0,0,0,0,0,0,0,11,1,2,0,0,0,0,0,0,0,0,0,0,0,0,0,0,0,0]
item number : [0,4,0,4,7,9,0,5,8,9,8,1,6,9,1,5,5,5,0,0,0,0,0,0,0,0,0,0,0,0,0,0,0,0]
item number : [0,3,0,4,7,9,5,3,7,3,6,1,8,4,1,5,4,6,0,0,0,0,0,0,0,0,0,0,0,0,0,0,0,0]
item number : [0,2,0,3,4,8,3,7,8,9,7,9,4,6,6,9,6,6,0,0,0,0,0,0,0,0,32,0,0,0,0,0,0,0,1,3,1,0,0,0,0,0,0,0,0,8,0,0,0,0,0,0,0,5,3,1,0,0,0,0,0,0,0,0,8,0,0,0,0,0,0,0,15,3,1,0,0,0,0,0,0,0,0,8,0,0,0,0,0,0,0,19,3,1,0,0,0,0,0,0,0,0,8,0,0,0,0,0,0,0]
item number : [0,1,0,7,3,4,8,3,2,7,5,9,9,9,6,4,3,3,0,0,0,0,0,0,0,0,48,0,0,0,0,0,0,0,0,3,1,0,0,0,0,0,0,0,0,16,0,0,0,0,0,0,0,11,3,1,0,0,0,0,0,0,0,0,16,0,0,0,0,0,0,0,12,3,1,0,0,0,0,0,0,0,0,16,0,0,0,0,0,0,0]
item number : [0,0,0,3,4,8,4,9,9,1,3,6,2,0,8,6,4,6,0,0,0,0,0,0,0,0,0,0,0,0,0,0,0,0]
item number : [0,0,0,7,2,4,8,0,9,1,5,7,6,5,9,6,6,4,0,0,0,0,0,0,0,0,128,4,0,0,0,0,0,0,0,2,1,0,0,0,0,0,0,0,0,64,0,0,0,0,0,0,0,3,7,2,0,0,0,0,0,0,0,0,64,1,0,0,0,0,0,0,11,2,1,0,0,0,0,0,0,0,0,64,0,0,0,0,0,0,0,12,2,1,0,0,0,0,0,0,0,0,64,0,0,0,0,0,0,0,22,7,2,0,0,0,0,0,0,0,0,64,1,0,0,0,0,0,0,23,7,2,0,0,0,0,0,0,0,0,64,1,0,0,0,0,0,0]
item number : [0,255,255,8,6,7,4,3,8,8,7,5,4,7,7,5,3,4,0,0,0,0,0,0,0,0,0,0,0,0,0,0,0,0]
item number : [0,255,255,6,5,5,2,0,9,9,5,7,0,7,1,7,5,8,0,0,0,0,0,0,0,0,20,0,0,0,0,0,0,0,0,5,2,0,0,0,0,0,0,0,0,10,0,0,0,0,0,0,0,10,5,2,0,0,0,0,0,0,0,0,10,0,0,0,0,0,0,0]
item number : [0,255,255,6,7,6,7,9,5,3,9,7,7,9,9,5,6,7,0,0,0,0,0,0,0,0,0,0,0,0,0,0,0,0]
item number : [0,255,255,6,7,6,2,4,6,8,3,7,3,2,6,5,3,4,0,0,0,0,0,0,0,0,0,0,0,0,0,0,0,0]
item number : [0,255,255,8,6,7,8,0,3,1,7,3,7,1,5,4,5,3,0,0,0,0,0,0,0,0,10,0,0,0,0,0,0,0,10,7,2,0,0,0,0,0,0,0,0,10,0,0,0,0,0,0,0]