item number 59 : [0,255,255,9,9,8,8,9,4,7,7,1,7,1,6,4,10,5,0,0,0,0,0,0,0,0,0,0,0,0,0,0,0,0]
item number 60 : [0,255,255,4,8,6,9,9,3,3,9,5,2,8,1,5,0,2,0,0,0,0,0,0,0,0,0,0,0,0,0,0,0,0]
item number 61 : [0,10,0,9,4,8,5,4,1,1,2,8,7,1,6,5,4,9,0,0,0,0,0,0,0,0,0,0,0,0,0,0,0,0,255,1,2,0,0,0,0,0,0,0,0,0,0,0,0,0,0,0,0]
item number 62 : [0,10,0,8,6,3,0,0,0,8,7,4,3,7,5,4,8,7,0,0,0,0,0,0,0,0,10,0,0,0,0,0,0,0,1,8,2,0,0,0,0,0,0,0,0,5,0,0,0,0,0,0,0,19,8,2,0,0,0,0,0,0,0,0,5,0,0,0,0,0,0,0]
item number 63 : [0,9,0,7,9,10,0,0,0,9,10,10,9,4,8,6,10,2,0,0,0,0,0,0,0,0,55,0,0,0,0,0,0,0,2,10,2,0,0,0,0,0,0,0,0,5,0,0,0,0,0,0,0,6,10,2,0,0,0,0,0,0,0,0,5,0,0,0,0,0,0,0,10,10,2,0,0,0,0,0,0,0,0,5,0,0,0,0,0,0,0,11,9,2,0,0,0,0,0,0,0,0,5,0,0,0,0,0,0,0,13,9,3,0,0,0,0,0,0,0,0,25,0,0,0,0,0,0,0,16,10,2,0,0,0,0,0,0,0,0,5,0,0,0,0,0,0,0,20,10,2,0,0,0,0,0,0,0,0,5,0,0,0,0,0,0,0]
item number 64 : [0,8,0,8,8,2,0,0,0,3,7,7,2,6,5,7,10,4,0,0,0,0,0,0,0,0,0,0,0,0,0,0,0,0]
item number 65 : [0,7,0,10,8,6,0,0,0,10,7,1,4,7,2,10,7,3,0,0,0,0,0,0,0,0,10,0,0,0,0,0,0,0,1,10,2,0,0,0,0,0,0,0,0,5,0,0,0,0,0,0,0,19,10,2,0,0,0,0,0,0,0,0,5,0,0,0,0,0,0,0]
item number 66 : [0,6,0,8,2,2,0,0,0,9,10,10,3,3,7,7,5,7,0,0,0,0,0,0,0,0,0,0,0,0,0,0,0,0]
item number 67 : [0,5,0,8,7,5,0,0,0,10,3,9,7,5,3,8,7,5,0,0,0,0,0,0,0,0,0,0,0,0,0,0,0,0]
item number 68 : [0,4,0,6,8,3,0,0,0,10,7,7,6,3,8,4,9,7,0,0,0,0,0,0,0,0,0,0,0,0,0,0,0,0]
item number 69 : [0,3,0,7,5,8,0,0,0,7,9,10,7,7,5,9,3,7,0,0,0,0,0,0,0,0,150,0,0,0,0,0,0,0,1,7,3,0,0,0,0,0,0,0,0,25,0,0,0,0,0,0,0,19,7,4,0,0,0,0,0,0,0,0,125,0,0,0,0,0,0,0]
item number 70 : [0,2,0,8,3,9,0,0,0,9,10,7,3,7,4,8,0,0,0,0,0,0,0,0,0,0,15,0,0,0,0,0,0,0,4,9,2,0,0,0,0,0,0,0,0,5,0,0,0,0,0,0,0,21,9,2,0,0,0,0,0,0,0,0,5,0,0,0,0,0,0,0,24,9,2,0,0,0,0,0,0,0,0,5,0,0,0,0,0,0,0]
item number 71 : [0,1,0,8,6,10,0,0,0,10,3,9,5,3,8,9,7,3,0,0,0,0,0,0,0,0,15,0,0,0,0,0,0,0,4,10,2,0,0,0,0,0,0,0,0,5,0,0,0,0,0,0,0,21,10,2,0,0,0,0,0,0,0,0,5,0,0,0,0,0,0,0,24,10,2,0,0,0,0,0,0,0,0,5,0,0,0,0,0,0,0]
item number 72 : [0,0,0,10,8,6,0,0,0,5,9,10,7,4,4,5,4,9,0,0,0,0,0,0,0,0,15,0,0,0,0,0,0,0,3,10,2,0,0,0,0,0,0,0,0,5,0,0,0,0,0,0,0,22,10,2,0,0,0,0,0,0,0,0,5,0,0,0,0,0,0,0,23,10,2,0,0,0,0,0,0,0,0,5,0,0,0,0,0,0,0]
item number 73 : [0,255,255,4,7,6,9,2,7,10,5,4,1,7,5,2,2,3,0,0,0,0,0,0,0,0,0,0,0,0,0,0,0,0]
item number 74 : [0,255,255,7,6,9,2,8,9,4,10,10,9,6,6,7,6,8,0,0,0,0,0,0,0,0,0,0,0,0,0,0,0,0]
