item number 90 : [0,255,255,8,7,0,4,10,5,10,6,10,6,3,2,8,6,5,8,7,10,1,9,0,0,0,0,0,0,0,0,50,0,0,0,0,0,0,0,0,10,2,0,0,0,0,0,0,0,0,5,0,0,0,0,0,0,0,10,10,2,0,0,0,0,0,0,0,0,5,0,0,0,0,0,0,0,24,10,2,0,0,0,0,0,0,0,0,5,0,0,0,0,0,0,0,37,10,2,0,0,0,0,0,0,0,0,5,0,0,0,0,0,0,0,43,6,3,0,0,0,0,0,0,0,0,30,0,0,0,0,0,0,0]
item number 91 : [0,255,255,8,9,10,4,10,2,8,9,9,2,7,8,6,10,3,7,7,4,3,6,0,0,0,0,0,0,0,0,0,0,0,0,0,0,0,0]
item number 92 : [0,10,0,8,7,8,6,3,7,1,3,9,1,8,4,5,9,4,10,7,10,1,9,0,0,0,0,0,0,0,0,50,0,0,0,0,0,0,0,255,1,2,0,0,0,0,0,0,0,0,50,0,0,0,0,0,0,0]
item number 93 : [0,9,0,5,8,3,4,10,10,9,9,5,6,7,4,8,7,4,5,10,8,2,10,0,0,0,0,0,0,0,0,0,0,0,0,0,0,0,0]
item number 94 : [0,8,0,10,10,10,9,0,5,6,8,6,8,8,5,3,4,2,2,9,10,8,2,0,0,0,0,0,0,0,0,0,0,0,0,0,0,0,0]
item number 95 : [0,7,0,10,10,10,10,8,10,5,9,5,6,7,4,4,2,2,1,7,10,5,6,0,0,0,0,0,0,0,0,0,0,0,0,0,0,0,0]
item number 96 : [0,6,0,10,10,5,6,9,2,3,4,9,6,1,5,8,8,8,6,10,5,5,2,0,0,0,0,0,0,0,0,0,0,0,0,0,0,0,0]
item number 97 : [0,5,0,8,5,0,2,8,8,10,10,8,8,5,6,7,8,8,8,2,1,4,7,0,0,0,0,0,0,0,0,240,0,0,0,0,0,0,0,0,8,2,0,0,0,0,0,0,0,0,5,0,0,0,0,0,0,0,2,8,3,0,0,0,0,0,0,0,0,20,0,0,0,0,0,0,0,4,8,2,0,0,0,0,0,0,0,0,5,0,0,0,0,0,0,0,6,8,2,0,0,0,0,0,0,0,0,5,0,0,0,0,0,0,0,8,8,3,0,0,0,0,0,0,0,0,20,0,0,0,0,0,0,0,10,8,2,0,0,0,0,0,0,0,0,5,0,0,0,0,0,0,0,12,8,3,0,0,0,0,0,0,0,0,20,0,0,0,0,0,0,0,14,8,2,0,0,0,0,0,0,0,0,5,0,0,0,0,0,0,0,16,8,3,0,0,0,0,0,0,0,0,20,0,0,0,0,0,0,0,22,8,3,0,0,0,0,0,0,0,0,20,0,0,0,0,0,0,0,30,8,3,0,0,0,0,0,0,0,0,20,0,0,0,0,0,0,0,35,8,3,0,0,0,0,0,0,0,0,20,0,0,0,0,0,0,0,37,8,2,0,0,0,0,0,0,0,0,5,0,0,0,0,0,0,0,39,8,2,0,0,0,0,0,0,0,0,5,0,0,0,0,0,0,0,41,8,3,0,0,0,0,0,0,0,0,20,0,0,0,0,0,0,0,45,8,2,0,0,0,0,0,0,0,0,5,0,0,0,0,0,0,0,47,8,3,0,0,0,0,0,0,0,0,20,0,0,0,0,0,0,0,48,8,3,0,0,0,0,0,0,0,0,20,0,0,0,0,0,0,0]
item number 98 : [0,4,0,5,6,7,2,5,6,8,0,0,9,10,3,3,4,7,0,9,9,9,9,0,0,0,0,0,0,0,0,116,19,0,0,0,0,0,0,0,5,3,0,0,0,0,0,0,0,0,50,0,0,0,0,0,0,0,1,2,3,0,0,0,0,0,0,0,0,44,1,0,0,0,0,0,0,2,6,3,0,0,0,0,0,0,0,0,30,0,0,0,0,0,0,0,3,7,3,0,0,0,0,0,0,0,0,30,0,0,0,0,0,0,0,4,5,3,0,0,0,0,0,0,0,0,50,0,0,0,0,0,0,0,5,2,3,0,0,0,0,0,0,0,0,44,1,0,0,0,0,0,0,6,6,3,0,0,0,0,0,0,0,0,30,0,0,0,0,0,0,0,7,7,3,0,0,0,0,0,0,0,0,30,0,0,0,0,0,0,0,8,5,3,0,0,0,0,0,0,0,0,50,0,0,0,0,0,0,0,9,2,3,0,0,0,0,0,0,0,0,44,1,0,0,0,0,0,0,10,6,3,0,0,0,0,0,0,0,0,30,0,0,0,0,0,0,0,11,7,3,0,0,0,0,0,0,0,0,30,0,0,0,0,0,0,0,12,5,3,0,0,0,0,0,0,0,0,50,0,0,0,0,0,0,0,13,2,3,0,0,0,0,0,0,0,0,44,1,0,0,0,0,0,0,14,6,3,0,0,0,0,0,0,0,0,30,0,0,0,0,0,0,0,15,7,3,0,0,0,0,0,0,0,0,30,0,0,0,0,0,0,0,16,5,3,0,0,0,0,0,0,0,0,50,0,0,0,0,0,0,0,17,2,3,0,0,0,0,0,0,0,0,44,1,0,0,0,0,0,0,18,6,3,0,0,0,0,0,0,0,0,30,0,0,0,0,0,0,0,19,7,3,0,0,0,0,0,0,0,0,30,0,0,0,0,0,0,0,20,5,3,0,0,0,0,0,0,0,0,50,0,0,0,0,0,0,0,21,2,3,0,0,0,0,0,0,0,0,44,1,0,0,0,0,0,0,22,6,3,0,0,0,0,0,0,0,0,30,0,0,0,0,0,0,0,23,7,3,0,0,0,0,0,0,0,0,30,0,0,0,0,0,0,0,24,5,3,0,0,0,0,0,0,0,0,50,0,0,0,0,0,0,0,25,2,3,0,0,0,0,0,0,0,0,44,1,0,0,0,0,0,0,26,6,3,0,0,0,0,0,0,0,0,30,0,0,0,0,0,0,0,27,7,3,0,0,0,0,0,0,0,0,30,0,0,0,0,0,0,0,28,5,3,0,0,0,0,0,0,0,0,50,0,0,0,0,0,0,0,29,2,3,0,0,0,0,0,0,0,0,44,1,0,0,0,0,0,0,30,6,3,0,0,0,0,0,0,0,0,30,0,0,0,0,0,0,0,31,7,3,0,0,0,0,0,0,0,0,30,0,0,0,0,0,0,0,32,5,3,0,0,0,0,0,0,0,0,50,0,0,0,0,0,0,0,33,2,3,0,0,0,0,0,0,0,0,44,1,0,0,0,0,0,0,34,6,3,0,0,0,0,0,0,0,0,30,0,0,0,0,0,0,0,35,7,3,0,0,0,0,0,0,0,0,30,0,0,0,0,0,0,0,36,5,3,0,0,0,0,0,0,0,0,50,0,0,0,0,0,0,0,37,2,3,0,0,0,0,0,0,0,0,44,1,0,0,0,0,0,0,38,6,3,0,0,0,0,0,0,0,0,30,0,0,0,0,0,0,0,39,7,3,0,0,0,0,0,0,0,0,30,0,0,0,0,0,0,0,40,6,3,0,0,0,0,0,0,0,0,30,0,0,0,0,0,0,0,41,7,3,0,0,0,0,0,0,0,0,30,0,0,0,0,0,0,0,42,5,3,0,0,0,0,0,0,0,0,50,0,0,0,0,0,0,0,43,2,3,0,0,0,0,0,0,0,0,44,1,0,0,0,0,0,0,44,6,3,0,0,0,0,0,0,0,0,30,0,0,0,0,0,0,0,45,7,3,0,0,0,0,0,0,0,0,30,0,0,0,0,0,0,0,46,6,3,0,0,0,0,0,0,0,0,30,0,0,0,0,0,0,0,47,7,3,0,0,0,0,0,0,0,0,30,0,0,0,0,0,0,0,48,5,3,0,0,0,0,0,0,0,0,50,0,0,0,0,0,0,0,49,2,3,0,0,0,0,0,0,0,0,44,1,0,0,0,0,0,0]
item number 99 : [0,3,0,6,1,7,7,4,5,9,10,7,9,10,3,5,5,9,10,1,7,6,6,0,0,0,0,0,0,0,0,0,0,0,0,0,0,0,0]
item number 100 : [0,2,0,9,9,6,1,8,9,9,9,8,2,9,9,7,8,8,8,2,8,10,0,0,0,0,0,0,0,0,0,40,0,0,0,0,0,0,0,20,9,2,0,0,0,0,0,0,0,0,5,0,0,0,0,0,0,0,26,9,2,0,0,0,0,0,0,0,0,5,0,0,0,0,0,0,0,34,9,2,0,0,0,0,0,0,0,0,5,0,0,0,0,0,0,0,36,9,2,0,0,0,0,0,0,0,0,5,0,0,0,0,0,0,0,38,9,2,0,0,0,0,0,0,0,0,5,0,0,0,0,0,0,0,40,9,2,0,0,0,0,0,0,0,0,5,0,0,0,0,0,0,0,44,9,2,0,0,0,0,0,0,0,0,5,0,0,0,0,0,0,0,46,9,2,0,0,0,0,0,0,0,0,5,0,0,0,0,0,0,0]
item number 101 : [0,1,0,8,10,10,10,10,5,9,8,10,3,0,9,5,5,5,3,10,0,2,8,0,0,0,0,0,0,0,0,30,0,0,0,0,0,0,0,10,10,2,0,0,0,0,0,0,0,0,5,0,0,0,0,0,0,0,14,10,2,0,0,0,0,0,0,0,0,5,0,0,0,0,0,0,0,32,8,2,0,0,0,0,0,0,0,0,5,0,0,0,0,0,0,0,33,10,2,0,0,0,0,0,0,0,0,5,0,0,0,0,0,0,0,36,8,2,0,0,0,0,0,0,0,0,5,0,0,0,0,0,0,0,37,10,2,0,0,0,0,0,0,0,0,5,0,0,0,0,0,0,0]
item number 102 : [0,0,0,4,9,0,3,9,9,9,2,9,10,3,8,0,3,4,7,7,10,5,6,0,0,0,0,0,0,0,0,100,0,0,0,0,0,0,0,0,9,3,0,0,0,0,0,0,0,0,10,0,0,0,0,0,0,0,6,9,3,0,0,0,0,0,0,0,0,10,0,0,0,0,0,0,0,10,9,3,0,0,0,0,0,0,0,0,10,0,0,0,0,0,0,0,12,9,3,0,0,0,0,0,0,0,0,10,0,0,0,0,0,0,0,24,9,3,0,0,0,0,0,0,0,0,10,0,0,0,0,0,0,0,30,9,3,0,0,0,0,0,0,0,0,10,0,0,0,0,0,0,0,37,9,3,0,0,0,0,0,0,0,0,10,0,0,0,0,0,0,0,39,9,3,0,0,0,0,0,0,0,0,10,0,0,0,0,0,0,0,41,9,3,0,0,0,0,0,0,0,0,10,0,0,0,0,0,0,0,45,9,3,0,0,0,0,0,0,0,0,10,0,0,0,0,0,0,0]
item number 103 : [0,0,0,8,8,8,10,3,4,0,2,9,7,9,10,4,7,10,10,5,6,7,3,0,0,0,0,0,0,0,0,30,0,0,0,0,0,0,0,1,10,3,0,0,0,0,0,0,0,0,10,0,0,0,0,0,0,0,13,10,3,0,0,0,0,0,0,0,0,10,0,0,0,0,0,0,0,25,10,2,0,0,0,0,0,0,0,0,5,0,0,0,0,0,0,0,33,10,2,0,0,0,0,0,0,0,0,5,0,0,0,0,0,0,0]
item number 104 : [0,255,255,7,0,0,0,9,2,5,11,9,3,8,5,9,0,0,0,10,2,6,5,0,0,0,0,0,0,0,0,235,0,0,0,0,0,0,0,4,5,3,0,0,0,0,0,0,0,0,40,0,0,0,0,0,0,0,8,9,3,0,0,0,0,0,0,0,0,15,0,0,0,0,0,0,0,15,5,4,0,0,0,0,0,0,0,0,125,0,0,0,0,0,0,0,21,5,3,0,0,0,0,0,0,0,0,40,0,0,0,0,0,0,0,32,9,3,0,0,0,0,0,0,0,0,15,0,0,0,0,0,0,0]
item number 105 : [0,255,255,10,8,7,5,3,8,5,6,8,7,1,8,9,5,10,8,9,10,4,0,0,0,0,0,0,0,0,0,2,0,0,0,0,0,0,0,22,8,2,0,0,0,0,0,0,0,0,2,0,0,0,0,0,0,0]