item number 12 : [0,255,255,7,9,5,11,8,9,1,10,0,11,6,8,4,5,4,10,8,6,10,3,0,0,0,0,0,0,0,0,5,0,0,0,0,0,0,0,22,9,2,0,0,0,0,0,0,0,0,5,0,0,0,0,0,0,0]
item number 13 : [0,255,255,9,6,7,2,5,8,9,1,8,7,9,0,8,11,7,11,7,6,11,0,0,0,0,0,0,0,0,0,0,0,0,0,0,0,0,0]
item number 14 : [0,10,0,11,8,3,11,8,9,1,10,5,11,1,7,1,4,9,9,6,10,3,6,0,0,0,0,0,0,0,0,80,0,0,0,0,0,0,0,255,1,2,0,0,0,0,0,0,0,0,80,0,0,0,0,0,0,0]
item number 15 : [0,9,0,10,9,6,9,1,7,4,5,5,8,6,6,5,7,11,4,4,6,5,8,0,0,0,0,0,0,0,0,0,0,0,0,0,0,0,0]
item number 16 : [0,8,0,5,8,9,10,5,6,7,0,1,6,8,6,11,10,9,1,8,3,2,8,0,0,0,0,0,0,0,0,0,0,0,0,0,0,0,0]
item number 17 : [0,7,0,9,10,8,8,0,0,0,7,11,2,8,1,10,11,10,9,8,8,9,11,0,0,0,0,0,0,0,0,20,0,0,0,0,0,0,0,1,8,2,0,0,0,0,0,0,0,0,5,0,0,0,0,0,0,0,17,8,2,0,0,0,0,0,0,0,0,5,0,0,0,0,0,0,0,19,8,2,0,0,0,0,0,0,0,0,5,0,0,0,0,0,0,0,35,8,2,0,0,0,0,0,0,0,0,5,0,0,0,0,0,0,0]
item number 18 : [0,6,0,6,9,10,8,0,0,0,0,8,10,11,8,4,11,9,10,11,10,9,8,0,0,0,0,0,0,0,0,25,0,0,0,0,0,0,0,3,8,2,0,0,0,0,0,0,0,0,5,0,0,0,0,0,0,0,15,8,2,0,0,0,0,0,0,0,0,5,0,0,0,0,0,0,0,23,10,2,0,0,0,0,0,0,0,0,5,0,0,0,0,0,0,0,25,10,2,0,0,0,0,0,0,0,0,5,0,0,0,0,0,0,0,31,8,2,0,0,0,0,0,0,0,0,5,0,0,0,0,0,0,0]
item number 19 : [0,5,0,6,10,8,8,3,6,1,7,8,11,10,10,5,10,4,11,10,9,9,9,0,0,0,0,0,0,0,0,0,0,0,0,0,0,0,0]
item number 20 : [0,4,0,10,11,10,8,1,4,5,4,4,2,11,8,11,0,0,0,6,8,11,8,0,0,0,0,0,0,0,0,0,0,0,0,0,0,0,0]
item number 21 : [0,3,0,6,10,11,10,6,4,6,3,2,11,2,8,11,4,11,9,9,9,9,7,0,0,0,0,0,0,0,0,0,0,0,0,0,0,0,0]
item number 22 : [0,2,0,8,10,8,9,5,2,7,5,11,8,11,2,6,10,9,10,8,8,10,10,0,0,0,0,0,0,0,0,0,0,0,0,0,0,0,0]
item number 23 : [0,1,0,8,11,5,9,4,5,6,7,8,11,10,10,10,11,0,0,6,5,8,8,0,0,0,0,0,0,0,0,0,0,0,0,0,0,0,0]
item number 24 : [0,0,0,9,6,9,8,4,5,6,7,10,11,8,11,11,5,7,11,0,0,0,8,0,0,0,0,0,0,0,0,0,0,0,0,0,0,0,0]
item number 25 : [0,0,0,10,11,10,8,5,6,7,0,3,11,4,2,11,10,9,1,9,11,10,9,0,0,0,0,0,0,0,0,0,0,0,0,0,0,0,0]
item number 26 : [0,255,255,5,4,7,9,7,4,9,5,7,5,11,1,11,7,1,8,0,10,9,6,0,0,0,0,0,0,0,0,0,0,0,0,0,0,0,0]
item number 27 : [0,255,255,8,5,7,9,3,6,8,2,10,4,8,2,8,11,7,11,9,8,7,2,0,0,0,0,0,0,0,0,0,0,0,0,0,0,0,0]