item number 16 : [0,255,255,8,7,0,4,10,3,10,5,7,3,8,9,2,1,10,4,6,7,9,5,0,0,0,0,0,0,0,0,250,0,0,0,0,0,0,0,2,3,2,0,0,0,0,0,0,0,0,50,0,0,0,0,0,0,0,16,3,2,0,0,0,0,0,0,0,0,50,0,0,0,0,0,0,0,22,3,2,0,0,0,0,0,0,0,0,50,0,0,0,0,0,0,0,35,3,2,0,0,0,0,0,0,0,0,50,0,0,0,0,0,0,0,47,3,2,0,0,0,0,0,0,0,0,50,0,0,0,0,0,0,0]
item number 17 : [0,255,255,8,7,8,6,7,1,3,5,7,8,9,2,1,6,8,7,4,3,6,10,0,0,0,0,0,0,0,0,10,0,0,0,0,0,0,0,10,7,2,0,0,0,0,0,0,0,0,10,0,0,0,0,0,0,0]
item number 18 : [0,255,255,7,8,6,8,2,8,9,4,3,10,6,3,2,1,10,4,7,9,5,7,0,0,0,0,0,0,0,0,0,0,0,0,0,0,0,0]
item number 0 : [0,10,0,9,6,10,9,7,1,3,5,8,9,1,8,9,4,5,1,10,10,6,8,0,0,0,0,0,0,0,0,50,0,0,0,0,0,0,0,255,1,2,0,0,0,0,0,0,0,0,50,0,0,0,0,0,0,0]
item number 1 : [0,9,0,10,10,10,5,5,6,8,0,9,9,9,9,7,7,5,5,4,7,10,5,0,0,0,0,0,0,0,0,0,0,0,0,0,0,0,0]
item number 2 : [0,8,0,10,10,5,6,8,5,6,8,5,6,7,4,8,7,4,5,10,3,3,6,0,0,0,0,0,0,0,0,55,0,0,0,0,0,0,0,21,6,2,0,0,0,0,0,0,0,0,10,0,0,0,0,0,0,0,39,5,2,0,0,0,0,0,0,0,0,15,0,0,0,0,0,0,0,41,5,2,0,0,0,0,0,0,0,0,15,0,0,0,0,0,0,0,45,5,2,0,0,0,0,0,0,0,0,15,0,0,0,0,0,0,0]
item number 3 : [0,7,0,10,10,9,9,0,2,3,4,9,9,9,6,10,5,6,7,9,6,7,1,0,0,0,0,0,0,0,0,90,0,0,0,0,0,0,0,3,9,2,0,0,0,0,0,0,0,0,5,0,0,0,0,0,0,0,5,9,2,0,0,0,0,0,0,0,0,5,0,0,0,0,0,0,0,9,9,2,0,0,0,0,0,0,0,0,5,0,0,0,0,0,0,0,15,9,2,0,0,0,0,0,0,0,0,5,0,0,0,0,0,0,0,17,9,2,0,0,0,0,0,0,0,0,5,0,0,0,0,0,0,0,19,9,2,0,0,0,0,0,0,0,0,5,0,0,0,0,0,0,0,21,9,2,0,0,0,0,0,0,0,0,5,0,0,0,0,0,0,0,23,9,2,0,0,0,0,0,0,0,0,5,0,0,0,0,0,0,0,27,9,2,0,0,0,0,0,0,0,0,5,0,0,0,0,0,0,0,29,9,2,0,0,0,0,0,0,0,0,5,0,0,0,0,0,0,0,35,9,2,0,0,0,0,0,0,0,0,5,0,0,0,0,0,0,0,37,9,2,0,0,0,0,0,0,0,0,5,0,0,0,0,0,0,0,39,9,2,0,0,0,0,0,0,0,0,5,0,0,0,0,0,0,0,41,9,2,0,0,0,0,0,0,0,0,5,0,0,0,0,0,0,0,43,9,2,0,0,0,0,0,0,0,0,5,0,0,0,0,0,0,0,45,9,2,0,0,0,0,0,0,0,0,5,0,0,0,0,0,0,0,47,9,2,0,0,0,0,0,0,0,0,5,0,0,0,0,0,0,0,49,9,2,0,0,0,0,0,0,0,0,5,0,0,0,0,0,0,0]
item number 4 : [0,6,0,9,0,3,4,9,8,9,9,9,9,7,9,6,7,8,8,3,6,9,9,0,0,0,0,0,0,0,0,120,0,0,0,0,0,0,0,0,9,2,0,0,0,0,0,0,0,0,5,0,0,0,0,0,0,0,1,9,2,0,0,0,0,0,0,0,0,5,0,0,0,0,0,0,0,4,9,2,0,0,0,0,0,0,0,0,5,0,0,0,0,0,0,0,7,9,2,0,0,0,0,0,0,0,0,5,0,0,0,0,0,0,0,8,9,2,0,0,0,0,0,0,0,0,5,0,0,0,0,0,0,0,10,9,2,0,0,0,0,0,0,0,0,5,0,0,0,0,0,0,0,11,9,2,0,0,0,0,0,0,0,0,5,0,0,0,0,0,0,0,13,9,2,0,0,0,0,0,0,0,0,5,0,0,0,0,0,0,0,14,9,2,0,0,0,0,0,0,0,0,5,0,0,0,0,0,0,0,18,9,2,0,0,0,0,0,0,0,0,5,0,0,0,0,0,0,0,21,9,2,0,0,0,0,0,0,0,0,5,0,0,0,0,0,0,0,24,9,2,0,0,0,0,0,0,0,0,5,0,0,0,0,0,0,0,27,9,2,0,0,0,0,0,0,0,0,5,0,0,0,0,0,0,0,28,9,2,0,0,0,0,0,0,0,0,5,0,0,0,0,0,0,0,31,9,2,0,0,0,0,0,0,0,0,5,0,0,0,0,0,0,0,32,9,2,0,0,0,0,0,0,0,0,5,0,0,0,0,0,0,0,33,9,2,0,0,0,0,0,0,0,0,5,0,0,0,0,0,0,0,36,9,2,0,0,0,0,0,0,0,0,5,0,0,0,0,0,0,0,37,9,2,0,0,0,0,0,0,0,0,5,0,0,0,0,0,0,0,38,9,2,0,0,0,0,0,0,0,0,5,0,0,0,0,0,0,0,40,9,2,0,0,0,0,0,0,0,0,5,0,0,0,0,0,0,0,43,9,2,0,0,0,0,0,0,0,0,5,0,0,0,0,0,0,0,44,9,2,0,0,0,0,0,0,0,0,5,0,0,0,0,0,0,0,48,9,2,0,0,0,0,0,0,0,0,5,0,0,0,0,0,0,0]
item number 5 : [0,5,0,8,9,10,5,9,9,9,2,8,2,9,9,0,3,4,7,10,5,6,7,0,0,0,0,0,0,0,0,60,0,0,0,0,0,0,0,26,9,3,0,0,0,0,0,0,0,0,10,0,0,0,0,0,0,0,34,9,3,0,0,0,0,0,0,0,0,10,0,0,0,0,0,0,0,38,9,3,0,0,0,0,0,0,0,0,10,0,0,0,0,0,0,0,40,9,3,0,0,0,0,0,0,0,0,10,0,0,0,0,0,0,0,44,9,3,0,0,0,0,0,0,0,0,10,0,0,0,0,0,0,0,46,9,3,0,0,0,0,0,0,0,0,10,0,0,0,0,0,0,0]
item number 6 : [0,4,0,10,9,9,9,6,8,0,5,2,9,9,9,7,0,3,4,6,6,10,10,0,0,0,0,0,0,0,0,54,1,0,0,0,0,0,0,1,9,3,0,0,0,0,0,0,0,0,10,0,0,0,0,0,0,0,2,9,3,0,0,0,0,0,0,0,0,10,0,0,0,0,0,0,0,3,9,3,0,0,0,0,0,0,0,0,10,0,0,0,0,0,0,0,5,9,3,0,0,0,0,0,0,0,0,10,0,0,0,0,0,0,0,7,9,3,0,0,0,0,0,0,0,0,10,0,0,0,0,0,0,0,9,9,3,0,0,0,0,0,0,0,0,10,0,0,0,0,0,0,0,11,9,3,0,0,0,0,0,0,0,0,10,0,0,0,0,0,0,0,13,9,3,0,0,0,0,0,0,0,0,10,0,0,0,0,0,0,0,14,9,3,0,0,0,0,0,0,0,0,10,0,0,0,0,0,0,0,15,9,3,0,0,0,0,0,0,0,0,10,0,0,0,0,0,0,0,17,9,3,0,0,0,0,0,0,0,0,10,0,0,0,0,0,0,0,18,9,3,0,0,0,0,0,0,0,0,10,0,0,0,0,0,0,0,19,9,3,0,0,0,0,0,0,0,0,10,0,0,0,0,0,0,0,21,9,3,0,0,0,0,0,0,0,0,10,0,0,0,0,0,0,0,22,9,3,0,0,0,0,0,0,0,0,10,0,0,0,0,0,0,0,23,9,3,0,0,0,0,0,0,0,0,10,0,0,0,0,0,0,0,25,9,3,0,0,0,0,0,0,0,0,10,0,0,0,0,0,0,0,26,9,3,0,0,0,0,0,0,0,0,10,0,0,0,0,0,0,0,27,9,3,0,0,0,0,0,0,0,0,10,0,0,0,0,0,0,0,29,9,3,0,0,0,0,0,0,0,0,10,0,0,0,0,0,0,0,31,9,3,0,0,0,0,0,0,0,0,10,0,0,0,0,0,0,0,33,9,3,0,0,0,0,0,0,0,0,10,0,0,0,0,0,0,0,34,9,3,0,0,0,0,0,0,0,0,10,0,0,0,0,0,0,0,35,9,3,0,0,0,0,0,0,0,0,10,0,0,0,0,0,0,0,38,9,3,0,0,0,0,0,0,0,0,10,0,0,0,0,0,0,0,40,9,3,0,0,0,0,0,0,0,0,10,0,0,0,0,0,0,0,43,9,3,0,0,0,0,0,0,0,0,10,0,0,0,0,0,0,0,44,9,3,0,0,0,0,0,0,0,0,10,0,0,0,0,0,0,0,46,9,3,0,0,0,0,0,0,0,0,10,0,0,0,0,0,0,0,47,9,3,0,0,0,0,0,0,0,0,10,0,0,0,0,0,0,0,49,9,3,0,0,0,0,0,0,0,0,10,0,0,0,0,0,0,0]
item number 7 : [0,3,0,3,4,9,10,5,6,8,0,8,8,5,6,3,4,7,0,10,0,3,4,0,0,0,0,0,0,0,0,0,0,0,0,0,0,0,0]
item number 8 : [0,2,0,5,6,7,2,5,9,8,5,9,9,6,1,6,6,6,7,6,7,1,7,0,0,0,0,0,0,0,0,0,0,0,0,0,0,0,0]
item number 9 : [0,1,0,10,10,10,5,9,2,3,4,4,6,7,0,8,8,7,4,7,1,7,6,0,0,0,0,0,0,0,0,0,0,0,0,0,0,0,0]
item number 10 : [0,0,0,9,9,4,6,10,9,9,9,4,6,7,4,10,5,6,0,9,10,3,3,0,0,0,0,0,0,0,0,0,0,0,0,0,0,0,0]
item number 11 : [0,0,0,9,9,9,9,9,10,8,10,6,7,4,4,7,5,5,9,4,10,5,5,0,0,0,0,0,0,0,0,0,0,0,0,0,0,0,0]
item number 12 : [0,255,255,9,10,1,4,9,4,10,3,2,8,7,8,8,9,2,9,10,2,9,3,0,0,0,0,0,0,0,0,0,0,0,0,0,0,0,0]
item number 13 : [0,255,255,4,4,6,10,6,9,3,9,5,2,7,3,3,10,5,9,9,3,8,5,0,0,0,0,0,0,0,0,0,0,0,0,0,0,0,0]