BS
8,4,8,4,6,5,5,5,0,9,9,2,6,3,6,5,4,6,6,0,8,9,5,2,6,7,8,0,4,4,6,4,5,9,4,7,7,4,5,0,6,5,8,7,5
3,8,5,9,4,5,8,0,3,9,4,7,9,5,2,0,5,8,4,9,5,4,9,2,0,9,4,9,8,4,6,9,5,2,4,6,7,8,5,9,4,6,5,9,4
7,9,7,2,0,4,4,2,6,9,9,2,7,7,3,9,7,2,9,8,3,7,8,3,0,7,5,7,3,3,8,7,3,6,7,9,2,8,9,0
0,4,7,9,6,4,4,0,3,2,6,6,9,4,9,9,0,7,5,9,9,9,9,9,0,6,3,9,7,9,6,0,8,7,0,8,5,6
4,4,6,5,9,2,4,0,3,4,3,7,8,7,8,3,5,8,8,5,3,0,3,3,4,0,7,9,3,4,6,6,4,4,8,4,3,6,9,4
FS
8,4,8,4,6,5,5,5,0,9,9,2,6,3,6,5,4,6,6,0,8,9,5,2,6,7,8,0,4,4,6,4,5,9,4,7,7,4,5,0,6,5,8,7,5,4
3,8,5,9,4,5,8,0,3,9,4,7,9,5,2,0,5,8,4,9,5,4,9,2,0,9,4,9,8,4,6,9,5,2,4,6,7,8,5,9,4,6,5,9,4,0,0,0,0,0,0,0,0,0,0
0,4,7,9,6,4,4,0,3,2,6,6,9,4,9,9,0,7,5,9,9,9,9,9,0,6,3,9,7,9,0,0,0,0,0,0,0,0,0,0,6,0,8,3,7,8,3,0,7,5,7,3,3,8,7,3,6,7,9,2,8,9,7,2,7,2,4
0,4,7,9,0,0,0,0,0,0,0,0,0,0,6,4,4,0,3,2,6,6,9,4,9,9,0,7,5,9,9,9,9,9,0,6,3,9,7,9,6,0,8,7,0,8,5,6,7,2,7,2,4
4,4,6,5,9,2,4,0,3,4,3,7,8,0,0,0,0,0,0,0,0,0,0,7,8,3,5,8,8,5,3,0,3,3,4,0,7,9,3,4,6,6,4,4,8,4,3,6,9,4,7,2,7,2,4
