BS
8,3,10,10,5,7,9,5,10,8,4,7,2,9,7,6,9,4,8,6,5,7,8,10,6,10,4,7,6,9,4,8,6,3,7,8,2,10,9,9
1,9,6,10,7,6,5,9,9,3,6,1,5,10,2,8,9,4,10,5,9,9,2,7,3,6,1,10,10,8,7,3,7,7,8,0,0,0,10,8,8,5,4
1,8,8,3,9,5,4,9,10,3,9,4,10,10,5,4,4,10,6,6,6,3,2,6,10,9,5,9,4,9,3,5,10,2,7,1,2,8,0,0,0,3,7,7
4,4,7,1,6,2,8,1,7,5,8,1,6,3,5,0,2,6,8,4,7,5,2,0,3,4,10,5,7,4,10,2,0,3,4,5,8,1,9,6,6,3,5,9
9,2,3,0,2,5,4,9,10,3,8,7,4,10,5,9,5,0,2,2,3,3,6,3,4,2,5,0,4,5,10,2,8,7,6,8,3
FS
8,6,4,8,7,5,8,6,6,8,8,2,2,2,8,6,6,4,8,6,3,6,5,6,8,3,9,8,6,10,8,6,7,9,10,10
0,0,0,0,0
7,4,10,9,10,7,1,10,7,5,8,7,4,9,10,7,2,9,0,6,0,9,7,10,10,7,6,7,9,1,5,9,10,10,9,10,9,7,5,9,10,9,10,7,7,9,10,2,7,9,10,7,9,3,7,7,9,10,10,7,10,3,9,7,5,9
7,5,3,7,4,4,5,3,8,6,3,7,2,6,4,7,2,3,0,2,0,10,3,4,2,5,2,6,5,8,10,2,6,3,8,4,2,7,8,2,6,4,3,3,7,5,6,1,9,4,8,3,9,8,3,9,4,2,8,7,2,8,6,1,8,7
9,7,5,7,10,4,8,10,5,9,3,7,2,9,4,2,0,0,0,8,0,0,0,3,6,10,2,7,9,5,10,4,8,5,7,6,7,10,7,3,6,9,10,6,10,5,8,7,5,6,10,5,9,8,4,9,7,5,8,9,2,8,6,4,8,7,5,7,9,7,3,6,9,5,4
