BS
10,10,5,8,11,4,4,4,10,9,2,8,7,9,9,11,3,6,11,6,7,8,11,5,9,7,2,10,11,1,8,7,3,7,9,6,11,8,5,10
11,5,8,10,6,7,8,4,2,7,9,0,11,8,7,1,11,6,9,10,9,10,0,0,0,3,7,11,7,2,10,5,11,11,3,10,4,9,9,6,9
11,9,3,7,8,2,7,6,11,5,9,0,0,0,10,6,2,3,11,5,9,5,0,8,10,7,11,11,9,3,6,8,10,4,5,8,10,7,1,4
6,9,5,11,7,2,0,4,7,4,10,0,8,5,6,9,8,1,6,9,8,1,10,0,3,6,2,9,5,7,4,11,3,8,7,11,10,11,0,5,4,10,3
11,5,7,1,11,6,7,5,3,11,8,4,4,11,6,9,3,10,6,8,3,9,7,10,4,2,10,5,3,2,10,8,4,5,9,6,7,1,9,8
FS
10,9,8,5,10,9,11,4,10,9,7,6,4,6,9,11,10,6,11,9,7,5,4,5,9,7,4,10,11,8,1,7,9,7,6,10,11,8,5,10,6,11,8,5,10,3,11,2,8
11,7,8,10,6,7,8,4,11,7,9,0,11,8,7,1,11,6,9,10,9,0,11,5,7,3,7,11,7,2,10,5,7,11,11,10,10,0
11,9,3,0,8,9,7,6,11,5,9,7,1,11,10,6,9,3,11,5,9,5,0,8,10,7,5,8,9,3,6,8,10,4,5,8,10,7,1,6,8,10,4,7,0,10,5,11,2
6,9,5,4,7,2,0,4,7,4,10,3,8,5,6,9,8,1,6,9,8,1,10,3,8,6,10,9,5,7,4,0,3,8,7,4,10,11,5,5,4,10,3,11,7,6,11,9,5,11,0
11,5,7,1,11,6,7,5,3,11,8,4,4,11,6,9,3,10,6,8,3,9,7,10,4,2,10,5,3,2,10,8,4,5,9,6,7,1,9,8