BS
6,2,8,7,10,5,7,8,10,3,10,7,8,5,10,8,7,5,10,9,7,4,7,10,1,6,8,7,0,0,0,0,8,6,11,2,8,7,10,5,7,11,8,3,10,7,10,5,10,6,1,10,9,7,8,2,8,10,11,1,8,7,8,7
5,11,10,11,4,10,8,2,9,11,3,11,5,11,7,0,0,0,0,0,11,3,8,5,6,11,1,9,10,9,1,11,9,2,11,9,5,6,11,9,4,9,6,4,6,9,5,6,11,4,6,11,8,7,11,9,3,7,9,2
4,9,3,8,5,10,2,9,3,11,3,6,9,10,2,9,11,6,3,9,2,11,7,9,3,10,2,9,4,10,5,9,4,8,0,0,0,0,9,6,5,9,8,7,1,8,9,2,8,7,5,10,4,6,9,5,8,4,0,0,0
5,10,4,9,3,11,9,5,11,6,4,6,2,10,3,7,2,6,9,1,8,5,8,5,8,2,11,5,6,9,5,10,8,3,7,3,10,4,7,3,9,3,10,2,11,9,0,0,0,0,7,4,6,0,0,0,0,8,11
3,8,7,2,9,4,11,7,2,11,8,0,0,0,0,2,4,6,3,11,3,0,0,0,4,10,2,6,5,6,9,3,10,7,1,6,7,5,8,5,11,7,2,7,3,6,5,9,10,4,0,0,0,4,6,5,7,8,2,9,3,4,5,2
FS
6,10,8,7,10,5,7,8,10,10,7,8,5,10,8,7,5,10,9,7,4,7,10,1,6,8,7,0,0,0,0,8,6,11,2,8,7,10,5,7,11,8,3,10,7,10,5,10,6,1,10,9,7,8,2,8,10,11,1,8,7,8
5,11,10,11,4,10,8,9,11,11,5,11,7,0,0,0,0,11,3,8,5,6,11,1,9,10,9,1,11,9,2,11,9,5,6,11,9,4,9,6,4,6,9,5,6,11,4,6,11,8,7,11,9,3,7,9
11,9,9,8,9,10,11,9,3,11,3,6,9,10,2,9,11,10,3,9,2,11,7,9,3,10,10,9,4,10,5,9,9,8,0,0,0,0,9,6,5,9,8,7,1,8,9,2,8,7,5,10,4,6,9,5,8,9,4,6,9,0,0,0,0
5,10,4,9,3,11,9,5,11,6,4,6,2,10,3,7,2,6,9,1,8,5,8,5,8,2,11,5,6,9,5,10,8,3,7,3,10,4,7,3,9,3,10,2,11,9,0,0,0,0,7,4,6,0,0,0,0,8,11
3,8,7,2,9,4,7,2,11,8,0,0,0,0,2,4,6,3,11,3,0,0,0,4,1,2,6,5,6,9,3,10,7,1,6,7,5,8,5,11,7,2,7,3,6,5,9,10,4,0,0,0,4,5,4